[-0.3000000000000025, -0.07500000000000107, 0.0, 0.0]
[-0.8999999999999986, -0.22500000000000142, 0.0, 0.0]

[[ 33.4    -5.     -5.     -7.5  ]
 [ -5.     38.975 -30.      0.   ]
 [ -5.    -30.     38.75   -3.75 ]
 [ -7.5     0.     -3.75   11.25 ]]

[[ 10.53333333  -1.66666667  -1.66666667  -2.5       ]
 [ -1.66666667  12.84166667 -10.           0.        ]
 [ -1.66666667 -10.          12.91666667  -1.25      ]
 [ -2.5          0.          -1.25         3.75      ]]

[[-11.13333333   1.66666667   1.66666667   2.5       ]
 [  1.66666667 -12.99166667  10.           0.        ]
 [  1.66666667  10.         -12.91666667   1.25      ]
 [  2.5          0.           1.25        -3.75      ]]

[[ 31.6    -5.     -5.     -7.5  ]
 [ -5.     38.525 -30.      0.   ]
 [ -5.    -30.     38.75   -3.75 ]
 [ -7.5     0.     -3.75   11.25 ]]

[33.400,10.533,-5.000,-1.667,-5.000,-1.667,-7.500,-2.500,]
[-11.133,31.600,1.667,-5.000,1.667,-5.000,2.500,-7.500,]
[-5.000,-1.667,38.975,12.842,-30.000,-10.000,0.000,0.000,]
[1.667,-5.000,-12.992,38.525,10.000,-30.000,0.000,0.000,]
[-5.000,-1.667,-30.000,-10.000,38.750,12.917,-3.750,-1.250,]
[1.667,-5.000,10.000,-30.000,-12.917,38.750,1.250,-3.750,]
[-7.500,-2.500,0.000,0.000,-3.750,-1.250,11.250,3.750,]
[2.500,-7.500,0.000,0.000,1.250,-3.750,-3.750,11.250,]


[[ 0.5  ]
 [ 1.1  ]
 [-0.375]
 [ 0.075]
 [-0.4  ]
 [-0.05 ]
 [-0.6  ]
 [-0.1  ]]

[[ 0.04782181 -0.0159406   0.03512787 -0.01170929  0.03766666 -0.01255555 0.04443676 -0.01481225]
 [ 0.01788958  0.05366875  0.01354805  0.04064415  0.01441636  0.04324907   0.01673184  0.05019552]
 [ 0.03512787 -0.01170929  0.08590361 -0.02863454  0.07574846 -0.02524949   0.04866807 -0.01622269]
 [ 0.01354805  0.04064415  0.03091419  0.09274256  0.02744096  0.08232287   0.01817902  0.05453706]
 [ 0.03766666 -0.01255555  0.07574846 -0.02524949  0.0921321  -0.0307107   0.05582181 -0.01860727]
 [ 0.01441636  0.04324907  0.02744096  0.08232287  0.03283604  0.09850811   0.02055625  0.06166875]
 [ 0.04443676 -0.01481225  0.04866807 -0.01622269  0.05582181 -0.01860727   0.12823177 -0.04274392]
 [ 0.01673184  0.05019552  0.01817902  0.05453706  0.02055625  0.06166875   0.04467331  0.13401993]]


[[-0.04729462]
 [ 0.04296056]
 [-0.08629321]
 [ 0.01539182]
 [-0.09222683]
 [ 0.01410556]
 [-0.10760536]
 [ 0.00934223]]