第1次迭代：
不平衡量
[[ 1.63000000e+00]
 [ 5.06250000e-02]
 [ 8.50000000e-01]
 [ 5.06250000e-02]
 [ 2.22044605e-16]
 [-2.21886663e+00]
 [-1.25000000e+00]
 [-2.41000000e-01]
 [-9.00000000e-01]
 [-2.58000000e-01]
 [ 0.00000000e+00]
 [-9.47864665e-01]
 [-1.00000000e+00]
 [-1.80000000e-01]
 [ 0.00000000e+00]
 [-1.68475641e+00]]
雅可比矩阵
[[ 15.87301587   0.           0.           0.           0.
    0.           0.           0.           0.           0.
  -15.11715797   0.           0.           0.           0.
    0.        ]
 [  0.           2.           0.           0.           0.
    0.           0.           0.           0.           0.
    0.           0.           0.           0.           0.
    0.        ]
 [  0.           0.          16.94915254   0.           0.
    0.           0.           0.           0.           0.
    0.           0.           0.           0.         -15.40832049
    0.        ]
 [  0.           0.           0.           2.           0.
    0.           0.           0.           0.           0.
    0.           0.           0.           0.           0.
    0.        ]
 [  0.           0.           0.           0.          33.9779848
    3.30737896 -11.60409556  -1.36518771 -10.51068205  -1.94219125
    0.           0.           0.           0.           0.
    0.        ]
 [  0.           0.           0.           0.          -3.30737896
   38.41571805   1.36518771 -11.60409556   1.94219125 -10.51068205
    0.           0.           0.           0.           0.
    0.        ]
 [  0.           0.           0.           0.         -11.60409556
   -1.36518771  17.0972301    2.55279209   0.           0.
   -5.97513453  -1.18760438   0.           0.           0.
    0.        ]
 [  0.           0.           0.           0.           1.36518771
  -11.60409556  -2.55279209  17.5792301    0.           0.
    1.18760438  -5.97513453   0.           0.           0.
    0.        ]
 [  0.           0.           0.           0.         -10.51068205
   -1.94219125   0.           0.          15.58292701   3.22420039
    0.           0.           0.           0.          -5.58824496
   -1.28200914]
 [  0.           0.           0.           0.           1.94219125
  -10.51068205   0.           0.          -3.22420039  16.09892701
    0.           0.           0.           0.           1.28200914
   -5.58824496]
 [-15.11715797   0.           0.           0.           0.
    0.          -5.97513453  -1.18760438   0.           0.
   32.18123405   4.61411475 -12.98467087  -3.42651037   0.
    0.        ]
 [ -0.         -15.11715797   0.           0.           0.
    0.           1.18760438  -5.97513453   0.           0.
   -4.61411475  34.07696338   3.42651037 -12.98467087   0.
    0.        ]
 [  0.           0.           0.           0.           0.
    0.           0.           0.           0.           0.
  -12.98467087  -3.42651037  22.38784149   4.58649104  -9.76317061
   -1.15998067]
 [  0.           0.           0.           0.           0.
    0.           0.           0.           0.           0.
    3.42651037 -12.98467087  -4.58649104  22.74784149   1.15998067
   -9.76317061]
 [  0.           0.         -15.40832049   0.           0.
    0.           0.           0.          -5.58824496  -1.28200914
    0.           0.          -9.76317061  -1.15998067  27.39022325
    2.44198981]
 [  0.           0.          -0.         -15.40832049   0.
    0.           0.           0.           1.28200914  -5.58824496
    0.           0.           1.15998067  -9.76317061  -2.44198981
   30.75973607]]
电压修正量
[-0.021465001670923564, 0.025312500000000026, -0.1048807404473998, 0.02531249999999995, -0.13366727642789222, -0.1334707182770929, -0.20458821133841484, -0.13616288635635837, -0.20312108108913918, -0.14843686266414652, -0.13036275175447007, -0.070100659313793, -0.18994535954959674, -0.10029713873841775, -0.17053381449214014, -0.09880314727584466]
第2次迭代：
不平衡量
[[-8.88551475e-02]
 [-1.10146895e-03]
 [-3.87785184e-01]
 [-1.16406924e-02]
 [ 8.10597454e-01]
 [-3.62844430e+00]
 [-3.57135600e-02]
 [-6.53845094e-01]
 [ 8.06480186e-03]
 [-6.00248094e-01]
 [ 3.53374588e-01]
 [-1.71715786e+00]
 [-4.58499597e-03]
 [-5.04089881e-01]
 [ 8.05149954e-01]
 [-2.93557753e+00]]
雅可比矩阵
[[ 16.30988222   2.01640064  -0.           0.          -0.
    0.          -0.           0.          -0.           0.
  -15.49981104  -0.32448982  -0.           0.          -0.
    0.        ]
 [ -0.04293      2.050625     0.           0.           0.
    0.           0.           0.           0.           0.
    0.           0.           0.           0.           0.
    0.        ]
 [ -0.           0.          17.50038828   2.97236584  -0.
    0.          -0.           0.          -0.           0.
   -0.           0.          -0.           0.         -15.79834361
   -1.61603606]
 [  0.           0.          -0.20976148   2.050625     0.
    0.           0.           0.           0.           0.
    0.           0.           0.           0.           0.
    0.        ]
 [ -0.           0.          -0.           0.          26.69258897
    7.421472    -9.87280767  -2.73406298  -8.84820635  -3.08789983
   -0.           0.          -0.           0.          -0.
    0.        ]
 [ -0.          -0.          -0.          -0.          -7.98707852
   35.15449769   2.73406298  -9.87280767   3.08789983  -8.84820635
   -0.          -0.          -0.          -0.          -0.
   -0.        ]
 [ -0.           0.          -0.           0.          -9.74474711
   -3.55336097  13.42319234   4.59110677  -0.           0.
   -4.91857311  -2.24833883  -0.           0.          -0.
    0.        ]
 [ -0.          -0.          -0.          -0.           3.55336097
   -9.74474711  -6.9136813   15.48707861  -0.          -0.
    2.24833883  -4.91857311  -0.          -0.          -0.
   -0.        ]
 [ -0.           0.          -0.           0.          -8.5560094
   -3.78883957  -0.           0.          11.92705254   5.11337184
   -0.           0.          -0.           0.          -4.49834033
   -2.22680208]
 [ -0.          -0.          -0.          -0.           3.78883957
   -8.5560094   -0.          -0.          -6.813101    13.74224033
   -0.          -0.          -0.          -0.           2.22680208
   -4.49834033]
 [-14.05743523  -1.97071431  -0.           0.          -0.
    0.          -5.40145429  -1.88328751  -0.           0.
   28.34195719   8.49065984 -11.62774756  -4.87902716  -0.
    0.        ]
 [  1.97071431 -14.05743523  -0.          -0.          -0.
   -0.           1.88328751  -5.40145429  -0.          -0.
   -8.72826563  32.06847952   4.87902716 -11.62774756  -0.
   -0.        ]
 [ -0.           0.          -0.           0.          -0.
    0.          -0.           0.          -0.           0.
  -11.03149579  -5.54921916  18.67317861   7.46720315  -8.56361959
   -2.89810688]
 [ -0.          -0.          -0.          -0.          -0.
   -0.          -0.          -0.          -0.          -0.
    5.54921916 -11.03149579  -9.3590686   20.19315913   2.89810688
   -8.56361959]
 [ -0.           0.         -13.88592993  -2.62763967  -0.
    0.          -0.           0.          -4.81748286  -2.10832733
   -0.           0.          -8.6007227   -2.71032165  22.47780896
    6.89153739]
 [ -0.          -0.           2.62763967 -13.88592993  -0.
   -0.          -0.          -0.           2.10832733  -4.81748286
   -0.          -0.           2.71032165  -8.6007227   -7.42642404
   29.0938677 ]]
电压修正量
[-0.3154253337475937, -0.007140593518985888, -0.3343934632397823, -0.03988226049314823, -0.10221267350612953, -0.24791375806221738, -0.1988170952813636, -0.28220984071681254, -0.19511249718991353, -0.2972717190111768, -0.3227854243243424, -0.2064166752822716, -0.33563267193667873, -0.26607354811901196, -0.3272179093162073, -0.255733132757511]
各节点电压
收敛时各节点电压
1.0181719064810142
-0.33689033541851726
0.9854302395068516
-0.4392742036871821
0.6186155236606897
-0.23587994993402175
0.581627272926829
-0.40340530661977847
0.5542914183246765
-0.3982335782790527
0.7234826654039355
-0.4531481760788124
0.6336293131425703
-0.5255780314862755
0.6454637199666444
-0.4977517238083474